w = 0.000000
a = 0.480000
T = 3.000000
z = 0.000000
Wd = 3.141593
pi = 3.141593
e = 2.718282
