T = 0.100000
Ki = 27.000000
Kp = 0.120000
Kd = 5.000000
Wd = 3.141593
pi = 3.141593
e = 2.718282
