r = 0.900000
e = 2.718000
pi = 3.141000
