a = 1.000000
Wd = 3.141593
pi = 3.141593
e = 2.718282
