Ki = 0.150000
Kp = 0.000000
k = 9.000000
s = 0.000000
Wd = 3.141593
pi = 3.141593
e = 2.718282
