b = -1.000000
z = 0.000000
s = 0.000000
