b = 0.060000
a = 0.010000
z = 0.000000
Wd = 3.141593
pi = 3.141593
e = 2.718282
