n.a. = 0.000000
b = 0.000000
G = 2.000000
a = 0.200000
T = 0.000063
Wd = 3.141593
pi = 3.141593
e = 2.718282
