R = 55.614973
C = 0.010000
