Kp = 7.000000
Ki = 0.260000
z = 0.000000
