s = 0.000000
a = 0.200000
Wd = 3.141593
pi = 3.141593
e = 2.718282
