e = 2.718000
w = 0.000000
T = 1.000000
