Ki = 0.500000
Kd = 0.000000
Kp = 100.000000
a = 25.500000
Wd = 3.141593
pi = 3.141593
e = 2.718282
