a = 0.000000
b = 1.840000
