Kp = 0.100000
Ki = 0.000100
s = 0.000000
Wd = 3.141593
pi = 3.141593
e = 2.718282
