a = 79.000000
b = 4.000000
c = 73.000000
d = 35.000000
g = 1.040000
