c = 0.240000
d = 0.000000
b = -0.600000
a = 0.000000
z = 0.000000
Wd = 2.607030
pi = 3.141593
e = 2.718282
