e = 2.718000
w = 3.000000
T = 1.000000
a = -0.680000
b = 0.120000
c = 0.000000
d = 0.000000
