pi = 3.140000
e = 2.710000
T = 1.000000
